image: 2F.pgm
resolution: 0.050000
origin: [-122.671806, -28.653719, 0.000000]
negate: 0
occupied_thresh: 0.65
free_thresh: 0.196

