image: 2F_E.pnm
resolution: 0.050000
origin: [-17.196318, -71.831284, 0.000000]
negate: 0
occupied_thresh: 0.65
free_thresh: 0.196

