image: 2F_handdraw.png
resolution: 0.050000
origin: [-155.588425, -55.777939, 0.000000]
negate: 0
occupied_thresh: 0.65
free_thresh: 0.196

