image: 2f_whole_final.png
resolution: 0.050000
origin: [-211.259933, -154.820129, 0.000000]
negate: 0
occupied_thresh: 0.65
free_thresh: 0.196

