image: 2F_whole.pgm
resolution: 0.050000
origin: [-163.023071, -114.539726, 0.000000]
negate: 0
occupied_thresh: 0.65
free_thresh: 0.196

