image: E3_121.png
resolution: 0.050000
origin: [-13.940863, -4.824998, 0.000000]
negate: 0
occupied_thresh: 0.65
free_thresh: 0.196

